9462734
9811851
9858693
9931336
10029063
10512189
10762630
11389640
11668596
11758785
11950311
11966727
11982765
12220708
12403705
12438747
12588389
12952180
14613484
14749765
15255999
15547729
15581023
15645142
15711769
15878962
16159933
16258256
16329124
16610948
16632755
16707443
16759284
16849540
16914743
17089004
17266353
17307727
17392501
17452975
18036996
18278130
18285427
18404771
18660523
18768465
19208383
19221557
19860666
21276786
21699520
22028038
22114142
22132805
22361633
22677152
22942766
23150614
23315902
23441066
23479190
23900540
23951062
24009312
24244857
24492243
24695855
24716606
24726458
25033729
25085974
25448692
25450268
25959723
26056142
26059197
26409035
26600420
26620835
26635611
26834157
26870872
27367032
27438025
27498049
27552050
27783689
27849443
28010757
28342698
28482871
28487226
28525403
28527696
28915250
29065140
29081410
29109083
29118976
29222038
29230040
29274272
29420592
29424103
29498494
29544218
29564556
29703892
29706825
29748156
29869097
30021865
30106753
30144507
30166346
30333214
30386903
30477683
30514868
30578594
30591961
30793540
30820324
31145830
31233836
31382775
31588709
31756206
31870915
31945512
32083571
32281771
32319607
32332736
32371876
32457352
32618586
32633522
32688344
32766732
32864857
32972605
32976586
33047712
33271924
33441926
34038742
34170463
34275739
34298625
34308104
34344445
34482028
34548536
34573430
34674729
34873972
34979374
34990798
35437209
35574464
35576232
35819891
35933024
36027694
36107625
36483737
36766700
36937440
37019382
37177979
37329550
37445982
37504252
37516749
37739108
37898882
38311811
38354379
38360123
38460793
38948711
38964305
39003620
39166841
39399445
